2.800000e+01 9.302326e-01 2.065171e+03
5.300000e+01 8.717949e-01 2.064829e+03
7.800000e+01 9.148936e-01 2.065220e+03
1.030000e+02 1.019231e+00 2.065808e+03
1.280000e+02 1.173516e+00 2.066429e+03
1.380000e+02 1.004733e+03 1.566533e+03
1.460000e+02 4.749206e+02 1.754556e+03
1.530000e+02 1.216216e+00 2.067239e+03
1.780000e+02 1.223629e+00 2.066751e+03
1.840000e+02 3.409500e+03 1.626000e+03
2.030000e+02 1.186992e+00 2.067057e+03
2.280000e+02 1.277154e+00 2.067431e+03
2.490000e+02 9.175000e+02 1.564000e+03
2.500000e+02 2.511216e+03 1.253627e+03
2.530000e+02 1.294574e+00 2.066938e+03
2.670000e+02 1.418594e+03 2.147218e+03
2.680000e+02 1.692667e+03 2.023000e+03
2.780000e+02 1.445455e+00 2.068042e+03
2.840000e+02 1.421987e+03 2.147308e+03
2.920000e+02 1.417500e+03 2.149000e+03
2.930000e+02 1.413485e+03 2.147242e+03
3.030000e+02 1.265233e+00 2.067842e+03
3.040000e+02 1.424190e+03 2.144762e+03
3.090000e+02 1.431750e+03 2.145000e+03
3.150000e+02 1.423778e+03 2.144222e+03
3.170000e+02 1.427444e+03 2.144778e+03
3.250000e+02 1.417987e+03 2.147577e+03
3.280000e+02 1.436137e+00 2.067667e+03
3.530000e+02 1.336700e+00 2.067993e+03
3.730000e+02 2.053303e+03 1.297697e+03
3.780000e+02 1.447293e+00 2.068798e+03
4.030000e+02 1.606061e+00 2.068975e+03
4.030000e+02 2.405156e+02 1.983510e+03
4.070000e+02 1.165000e+02 1.729500e+03
4.200000e+02 1.421987e+03 2.147551e+03
4.280000e+02 1.625323e+00 2.069194e+03
4.400000e+02 1.427196e+03 2.146608e+03
4.530000e+02 1.588235e+00 2.069343e+03
4.720000e+02 1.414500e+03 2.144500e+03
4.780000e+02 1.698297e+00 2.069248e+03
5.030000e+02 1.425600e+03 2.144333e+03
5.030000e+02 1.647059e+00 2.068652e+03
5.040000e+02 1.350667e+03 2.158667e+03
5.040000e+02 1.430500e+03 2.144000e+03
5.050000e+02 1.425098e+03 2.144922e+03
5.080000e+02 1.419556e+03 2.145778e+03
5.100000e+02 1.347458e+03 2.153500e+03
5.100000e+02 1.422500e+03 2.145000e+03
5.110000e+02 1.426929e+03 2.143428e+03
5.160000e+02 1.420533e+03 2.144733e+03
5.200000e+02 1.419467e+03 2.144267e+03
5.280000e+02 1.657143e+00 2.069876e+03
5.340000e+02 1.967500e+03 1.717000e+03
5.350000e+02 1.785373e+03 2.058027e+03
5.460000e+02 1.422556e+03 2.146778e+03
5.530000e+02 1.657143e+00 2.069876e+03
5.630000e+02 2.116333e+03 1.627667e+03
5.640000e+02 2.641467e+03 1.488733e+03
5.660000e+02 1.521500e+03 1.839500e+03
5.670000e+02 1.421556e+03 2.143778e+03
5.680000e+02 1.427167e+03 2.143500e+03
5.690000e+02 1.423333e+03 2.144333e+03
5.710000e+02 1.426922e+03 2.144686e+03
5.730000e+02 1.424048e+03 2.144667e+03
5.780000e+02 1.422500e+03 2.144500e+03
5.780000e+02 1.647436e+00 2.070267e+03
5.850000e+02 3.591444e+03 1.819833e+03
5.860000e+02 3.515000e+03 1.801000e+03
5.870000e+02 3.461667e+03 1.786333e+03
5.880000e+02 1.416743e+03 2.147116e+03
5.910000e+02 3.352667e+03 1.760667e+03
5.930000e+02 1.415981e+03 2.146715e+03
6.020000e+02 1.429314e+03 2.145314e+03
6.020000e+02 3.047133e+03 1.870867e+03
6.030000e+02 1.664303e+00 2.070102e+03
6.030000e+02 2.996500e+03 1.912000e+03
6.040000e+02 2.933627e+03 1.950392e+03
6.070000e+02 1.335667e+03 2.153333e+03
6.070000e+02 1.420987e+03 2.146577e+03
6.080000e+02 1.414870e+03 2.146556e+03
6.080000e+02 2.678500e+03 1.948500e+03
6.110000e+02 1.414667e+03 2.145000e+03
6.110000e+02 2.539422e+03 1.963422e+03
6.120000e+02 2.494500e+03 1.975000e+03
6.130000e+02 2.441000e+03 1.982000e+03
6.150000e+02 2.306370e+03 2.007074e+03
6.160000e+02 2.207000e+03 1.995222e+03
6.180000e+02 1.952500e+03 1.926000e+03
6.200000e+02 1.692126e+03 1.876338e+03
6.250000e+02 1.003850e+03 1.877367e+03
6.280000e+02 1.630342e+00 2.070786e+03
6.530000e+02 1.668790e+00 2.071072e+03
6.780000e+02 1.683230e+00 2.071273e+03
7.030000e+02 1.648148e+00 2.071337e+03
7.160000e+02 3.825500e+03 1.933500e+03
7.280000e+02 1.764368e+00 2.071418e+03
7.530000e+02 1.788423e+00 2.071246e+03
7.780000e+02 1.672764e+00 2.071772e+03
8.000000e+02 1.239333e+03 2.118333e+03
8.010000e+02 1.422205e+03 2.144949e+03
8.020000e+02 1.427083e+03 2.144583e+03
8.030000e+02 1.680982e+00 2.071442e+03
8.040000e+02 1.334333e+03 2.154667e+03
8.040000e+02 1.425479e+03 2.146419e+03
8.050000e+02 1.419127e+03 2.144492e+03
8.150000e+02 1.420519e+03 2.142259e+03
8.160000e+02 1.425877e+03 2.145140e+03
8.190000e+02 1.332000e+03 2.152500e+03
8.190000e+02 1.410542e+03 2.141875e+03
8.210000e+02 1.338933e+03 2.152733e+03
8.210000e+02 1.413444e+03 2.143296e+03
8.250000e+02 1.413500e+03 2.145000e+03
8.280000e+02 1.660455e+00 2.071267e+03
8.310000e+02 1.420917e+03 2.146417e+03
8.330000e+02 1.416667e+03 2.143000e+03
8.350000e+02 1.240333e+03 2.123333e+03
8.450000e+02 1.422151e+03 2.142758e+03
8.460000e+02 1.425560e+03 2.146077e+03
8.480000e+02 1.342667e+03 2.153333e+03
8.480000e+02 1.422556e+03 2.144778e+03
8.490000e+02 1.419667e+03 2.143000e+03
8.530000e+02 1.798450e+00 2.071017e+03
8.550000e+02 1.418333e+03 2.143333e+03
8.650000e+02 1.422667e+03 2.143333e+03
8.680000e+02 1.414476e+03 2.144762e+03
8.770000e+02 1.345333e+03 2.153333e+03
8.780000e+02 1.614141e+00 2.071618e+03
8.880000e+02 1.425200e+03 2.144200e+03
8.890000e+02 1.421333e+03 2.146667e+03
8.920000e+02 1.422467e+03 2.144267e+03
8.930000e+02 1.415444e+03 2.144222e+03
9.030000e+02 1.632323e+00 2.071709e+03
9.190000e+02 1.424125e+03 2.146000e+03
9.200000e+02 1.429212e+03 2.143758e+03
9.210000e+02 1.423970e+03 2.143188e+03
9.220000e+02 1.419333e+03 2.147000e+03
9.280000e+02 1.416500e+03 2.147000e+03
9.280000e+02 1.846799e+00 2.074568e+03
9.290000e+02 1.413970e+03 2.146209e+03
9.340000e+02 1.420533e+03 2.142733e+03
9.340000e+02 3.804500e+03 1.627500e+03
9.350000e+02 1.423305e+03 2.146959e+03
9.360000e+02 1.428407e+03 2.143852e+03
9.360000e+02 3.722156e+03 1.630957e+03
9.380000e+02 1.424833e+03 2.143833e+03
9.390000e+02 3.614344e+03 1.633111e+03
9.410000e+02 3.553630e+03 1.636074e+03
9.430000e+02 1.425103e+03 2.144179e+03
9.440000e+02 1.421020e+03 2.144784e+03
9.440000e+02 3.474853e+03 1.638147e+03
9.510000e+02 1.416444e+03 2.144778e+03
9.530000e+02 1.895537e+00 2.074844e+03
9.780000e+02 1.830633e+00 2.074727e+03
