       292         19          2         19 
       293         19          2         20 
       315         24          2         24 
       317         24          2         25 
       503         40          6         40 
       504         40          6         43 
       505         40          6         44 
       508         40          6         45 
       510         40          6         47 
       511         40          6         48 
       510         46          2         46 
       511         46          2         48 
       567         59          5         59 
       568         59          5         60 
       569         59          5         61 
       571         59          5         62 
       573         59          5         63 
       585         66          3         66 
       586         66          3         67 
       587         66          3         68 
       602         73          3         73 
       603         73          3         75 
       604         73          3         76 
       607         77          2         77 
       608         77          2         79 
       607         78          2         78 
       608         78          2         79 
       611         82          5         82 
       612         82          5         83 
       613         82          5         84 
       615         82          5         85 
       616         82          5         86 
       800         98          5         98 
       801         98          5         99 
       802         98          5        100 
       804         98          5        103 
       805         98          5        104 
       804        102          2        102 
       805        102          2        104 
       815        105          4        105 
       816        105          4        106 
       819        105          4        108 
       821        105          4        110 
       819        107          2        107 
       821        107          2        109 
       831        113          3        113 
       833        113          3        114 
       835        113          3        115 
       845        116          4        116 
       846        116          4        117 
       848        116          4        119 
       849        116          4        120 
       848        118          2        118 
       849        118          2        120 
       865        123          2        123 
       868        123          2        124 
       888        127          4        127 
       889        127          4        128 
       892        127          4        129 
       893        127          4        130 
       919        132          4        132 
       920        132          4        133 
       921        132          4        134 
       922        132          4        135 
       928        136          2        136 
       929        136          2        138 
       934        139          4        139 
       935        139          4        141 
       936        139          4        142 
       938        139          4        144 
       934        140          5        140 
       936        140          5        143 
       939        140          5        145 
       941        140          5        146 
       944        140          5        149 
       943        147          2        147 
       944        147          2        148 
