4
5
5.661985e-02
5.968801e-02
8.232947e-02
-6.048973e-02
-3.295545e-02
5.364592e-02
-4.444506e-02
1.079400e-02
-4.520588e-03
2.577419e-02
-2.704310e-02
2.680182e-03
9.044594e-02
8.323903e-02
2.714235e-02
4.345939e-02
-7.167949e-02
2.139378e-02
-9.673989e-02
-5.142265e-02
-7.255369e-02
6.083535e-02
-6.866418e-02
-1.981112e-02
-7.404191e-02
-7.823824e-02
9.978490e-02
-5.634862e-02
2.586484e-03
6.782245e-02
2.252797e-02
-4.079368e-02
2.751046e-02
4.857436e-03
-1.283400e-03
9.455501e-02
-4.149664e-02
5.427154e-02
5.348995e-03
5.398277e-02
-1.995428e-02
7.830589e-02
-4.333705e-02
-2.950833e-02
6.154490e-02
8.380530e-02
-8.604895e-02
8.986541e-02
5.199075e-03
-8.278883e-02
-6.155723e-02
3.264538e-02
7.804652e-02
-3.022142e-02
-8.716574e-02
-9.599539e-02
-8.459650e-03
-8.738083e-02
-5.234401e-02
9.412683e-02
8.044162e-02
7.018396e-02
-4.666685e-02
7.952072e-03
-2.495860e-02
5.204975e-02
2.507076e-03
3.354476e-02
6.321289e-03
-9.214393e-02
-1.247248e-02
8.636702e-02
8.616196e-02
4.419047e-02
-4.314132e-02
4.770686e-02
2.799577e-02
-2.919026e-02
3.757227e-02
-6.680517e-02
-1.197910e-02
7.601505e-02
6.584022e-02
-3.393257e-02
-5.420637e-02
7.867449e-02
-2.992796e-02
3.733397e-02
9.129364e-02
1.772803e-02
3.146081e-02
7.173527e-02
-1.208802e-02
8.479396e-02
-2.031267e-02
6.295338e-02
